use_blend: 1.0
m: 1.65
l_f: 0.13
l_r: 0.17
angle_offset: -0.0213
b_f: 1.8966477
b_r: 6.2884626
blend_ratio_lb: 0.06637411
blend_ratio_ub: 0.00554
c_d: 0.0
c_f: 1.5381637
c_m_1: 11.102413
c_m_2: 1.3169205
c_r: 1.186591
d_f: 0.5968191
d_r: 0.42716035
i_com: 0.0685434
steering_limit: 0.6337473