nominal:
  use_blend: 1.0
  m: 1.65
  l_f: 0.13
  l_r: 0.17
  angle_offset: -0.0213
  b_f: 1.8966477
  b_r: 6.2884626
  blend_ratio_lb: 0.06637411
  blend_ratio_ub: 0.00554
  c_d: 0.0
  c_f: 1.5381637
  c_m_1: 11.102413
  c_m_2: 1.3169205
  c_r: 1.186591
  d_f: 0.5968191
  d_r: 0.42716035
  i_com: 0.0685434
  steering_limit: 0.6337473

bounds:
  use_blend: [1.0, 1.0]
  m: [1.6, 1.7]
  l_f: [0.125, 0.135]
  l_r: [0.165, 0.175]
  angle_offset: [-0.025, 0.025]
  b_f: [1.3, 3.0]
  b_r: [4.0, 10.0]
  blend_ratio_lb: [0.01, 0.1]
  blend_ratio_ub: [0.0, 0.2]
  c_d: [0.0, 0.0]
  c_f: [1.2, 1.8]
  c_m_1: [10.0, 12.0]
  c_m_2: [1.1, 1.5]
  c_r: [0.9, 1.5]
  d_f: [0.35, 0.65]
  d_r: [0.3, 0.6]
  i_com: [0.05, 0.09]
  steering_limit: [0.5, 0.9]
