use_blend: 0.0
m: 1.65
l_f: 0.13
l_r: 0.17
angle_offset: 0.0156
b_f: 2.58
b_r: 3.39
blend_ratio_lb: 0.01
blend_ratio_ub: 0.01
c_d: 0.41464928
c_f: 1.2
c_m_1: 10.701814
c_m_2: 1.4208151
c_r: 1.27
d_f: 0.02
d_r: 0.017
i_com: 0.01
steering_limit: 0.3543